0.00638
0.00618
0.00536
0.00402
0.00228
3.07335E-4
0.0017
0.00356
0.00507
0.00609
0.00651
0.0063
0.00546
0.00409
0.00231
2.92952E-4
0.00176
0.00365
0.00518
0.00622
0.00664
0.00642
0.00556
0.00416
0.00234
2.77988E-4
0.00182
0.00374
0.00531
0.00636
0.00679
0.00655
0.00567
0.00423
0.00237
2.62369E-4
0.00188
0.00384
0.00543
0.0065
0.00693
0.00669
0.00578
0.0043
0.0024
2.46117E-4
0.00194
0.00394
0.00557
0.00665
0.00709
0.00683
0.0059
0.00438
0.00243
2.29131E-4
0.002
0.00405
0.00571
0.00681
0.00725
0.00698
0.00602
0.00446
0.00246
2.11293E-4
0.00207
0.00416
0.00585
0.00697
0.00742
0.00713
0.00614
0.00455
0.0025
1.92665E-4
0.00214
0.00428
0.006
0.00715
0.00759
0.00729
0.00628
0.00464
0.00253
1.7319E-4
0.00222
0.0044
0.00616
0.00733
0.00778
0.00746
0.00641
0.00473
0.00257
1.5273E-4
0.0023
0.00453
0.00633
0.00752
0.00797
0.00764
0.00656
0.00483
0.00261
1.31239E-4
0.00238
0.00466
0.00651
0.00772
0.00817
0.00783
0.00671
0.00493
0.00266
1.08635E-4
0.00246
0.00481
0.00669
0.00793
0.00839
0.00803
0.00688
0.00504
0.0027
8.48564E-5
0.00255
0.00496
0.00689
0.00815
0.00861
0.00823
0.00705
0.00516
0.00275
5.98312E-5
0.00265
0.00512
0.00709
0.00838
0.00885
0.00845
0.00722
0.00528
0.0028
3.34828E-5
0.00275
0.00528
0.00731
0.00863
0.0091
0.00869
0.00741
0.00541
0.00285
7.41547E-6
0.00286
0.00546
0.00754
0.00889
0.00937
0.00893
0.00762
0.00554
0.00291
2.52895E-5
0.00297
0.00565
0.00778
0.00916
0.00965
0.00919
0.00783
0.00568
0.00297
5.65397E-5
0.00309
0.00585
0.00804
0.00946
0.00995
0.00947
0.00805
0.00584
0.00303
8.98103E-5
0.00322
0.00606
0.00831
0.00977
0.01027
0.00976
0.0083
0.006
0.0031
1.25584E-4
0.00336
0.00628
0.00861
0.0101
0.01061
0.01008
0.00855
0.00617
0.00317
1.63766E-4
0.0035
0.00652
0.00892
0.01046
0.01098
0.01042
0.00883
0.00636
0.00325
2.04103E-4
0.00366
0.00678
0.00926
0.01084
0.01136
0.01078
0.00912
0.00656
0.00333
2.48368E-4
0.00383
0.00706
0.00962
0.01125
0.01178
0.01116
0.00944
0.00677
0.00342
2.95207E-4
0.00401
0.00736
0.01
0.01169
0.01223
0.01158
0.00978
0.007
0.00352
3.44965E-4
0.0042
0.00768
0.01042
0.01216
0.01272
0.01203
0.01015
0.00725
0.00362
4.01671E-4
0.00441
0.00802
0.01088
0.01268
0.01325
0.01252
0.01055
0.00752
0.00373
4.59344E-4
0.00464
0.0084
0.01137
0.01324
0.01382
0.01305
0.01098
0.00782
0.00385
5.23126E-4
0.00489
0.00881
0.0119
0.01384
0.01444
0.01362
0.01145
0.00813
0.00398
5.99224E-4
0.00516
0.00926
0.01249
0.01452
0.01513
0.01426
0.01198
0.00849
0.00414
6.68626E-4
0.00545
0.00975
0.01313
0.01524
0.01588
0.01495
0.01254
0.00887
0.00429
7.57633E-4
0.00579
0.0103
0.01384
0.01605
0.0167
0.01572
0.01317
0.0093
0.00446
8.63133E-4
0.00616
0.01091
0.01464
0.01697
0.01765
0.01659
0.0139
0.0098
0.00469
9.40112E-4
0.00654
0.01156
0.01549
0.01794
0.01864
0.01752
0.01465
0.0103
0.00488
0.00109
0.00702
0.01234
0.0165
0.01908
0.01982
0.01861
0.01554
0.0109
0.00513
0.00123
0.00755
0.01321
0.01764
0.02039
0.02117
0.01988
0.0166
0.01165
0.00549
0.0013
0.00805
0.01409
0.01881
0.02174
0.02256
0.02115
0.01763
0.0123
0.00568
0.00161
0.00886
0.01534
0.02041
0.02355
0.02442
0.02289
0.01907
0.01332
0.00615
0.00173
0.00957
0.01659
0.02209
0.0255
0.02645
0.02481
0.0207
0.01448
0.00673
0.00181
0.01029
0.01789
0.02383
0.0275
0.02849
0.02666
0.02212
0.01528
0.00677
0.0026
0.01193
0.02028
0.02683
0.03088
0.03198
0.02998
0.02499
0.01745
0.00806
0.00234
0.01265
0.02193
0.02922
0.03376
0.03505
0.03289
0.02743
0.01914
0.0088
0.00286
0.01416
0.0244
0.03243
0.03738
0.03867
0.03608
0.02975
0.0202
0.00829
0.00491
0.01807
0.02994
0.03931
0.0452
0.04692
0.04419
0.03717
0.02642
0.01292
0.0024
0.01729
0.03096
0.04181
0.0487
0.05081
0.04779
0.0398
0.02752
0.01231
0.00723
0.02376
0.03945
0.05189
0.05961
0.06158
0.05734
0.047
0.03134
0.01218
0.01263
0.03458
0.05535
0.07234
0.08369
0.08806
0.08474
0.07374
0.05585
0.03254
0.00591
0.02152
0.04699
0.0678
0.08156
0.08644
0.08143
0.06657
0.04371
0.02273
0.03987
0.07597
0.11224
0.14299
0.16416
0.17254
0.16606
0.14435
0.11029
0.07722
0.08594
0.14421
0.2195
0.2966
0.3671
0.42445
0.46321
0.47932
0.47049
0.43672
0.38134
0.31334
0.25381
0.24235
0.30218
0.40635
0.524
0.6373
0.73542
0.81107
0.85957
0.87845
0.86736
0.82816
0.76449
0.68181
0.587
0.48844
0.39586
0.3204
0.27271
0.25603
0.26076
0.27162
0.27751
0.27326
0.25793
0.23319
0.20224
0.16914
0.13803
0.1124
0.09376
0.08063
0.06953
0.05772
0.04598
0.04139
0.05218
0.0738
0.09829
0.12085
0.13848
0.14924
0.15209
0.14684
0.13412
0.11537
0.09277
0.0694
0.04993
0.04122
0.04541
0.0545
0.06164
0.06426
0.06192
0.0555
0.04691
0.03919
0.03595
0.03835
0.04345
0.04762
0.04864
0.04562
0.0386
0.02868
0.01918
0.01889
0.02952
0.04251
0.05388
0.06192
0.06572
0.06492
0.05967
0.05053
0.03845
0.02469
0.01106
0.00681
0.01659
0.0249
0.0298
0.0309
0.02832
0.02268
0.01534
0.01014
0.01381
0.02192
0.02949
0.03481
0.03712
0.03609
0.03181
0.02477
0.01593
0.008
0.0106
0.01949
0.02772
0.03375
0.03689
0.03687
0.03375
0.02789
0.01992
0.01066
0.0014
0.00822
0.01587
0.02142
0.02436
0.02448
0.02183
0.01675
0.00986
0.00255
0.00723
0.01497
0.0215
0.02608
0.02827
0.02786
0.02491
0.01974
0.0129
0.00533
0.0045
0.0117
0.01812
0.02278
0.02521
0.02523
0.02287
0.01842
0.01236
0.00535
0.00247
0.00917
0.01497
0.01911
0.02122
0.0211
0.0188
0.01458
0.00887
0.00225
0.00462
0.01105
0.01643
0.02024
0.02212
0.02192
0.01966
0.0156
0.01015
0.00388
0.00287
0.00895
0.01411
0.01781
0.01971
0.01965
0.01767
0.01399
0.009
0.00323
0.00292
0.00854
0.01327
0.01664
0.01832
0.01816
0.0162
0.01266
0.00788
0.00236
0.00338
0.00875
0.01324
0.01643
0.01802
0.01787
0.01601
0.01264
0.00811
0.00287
0.00258
0.00768
0.01196
0.015
0.01653
0.01641
0.01468
0.01152
0.00726
0.00234
0.0028
0.00759
0.0116
0.01443
0.01583
0.01567
0.01398
0.01093
0.00685
0.00212
0.00278
0.00736
0.01119
0.0139
0.01524
0.01509
0.01348
0.01058
0.00669
0.00219
0.00247
0.00684
0.01049
0.01307
0.01434
0.01419
0.01265
0.00988
0.00617
0.00187
0.00257
0.00673
0.01019
0.01264
0.01383
0.01367
0.01217
0.0095
0.00592
0.0018
0.00247
0.00645
0.00978
0.01212
0.01327
0.0131
0.01167
0.00911
0.00568
0.00173
0.00236
0.00617
0.00935
0.01159
0.01268
0.01251
0.01112
0.00865
0.00535
0.00156
0.00237
0.00603
0.00908
0.01122
0.01225
0.01207
0.01072
0.00834
0.00516
0.0015
0.00228
0.00581
0.00874
0.01079
0.01178
0.0116
0.0103
0.008
0.00493
0.00141
0.00223
0.00562
0.00844
0.01041
0.01135
0.01117
0.0099
0.00767
0.00471
0.0013
0.00221
0.00548
0.00819
0.01008
0.01098
0.0108
0.00956
0.0074
0.00453
0.00124
0.00215
0.00531
0.00792
0.00975
0.01061
0.01042
0.00922
0.00712
0.00435
0.00116
0.00212
0.00517
0.00769
0.00945
0.01027
0.01008
0.00891
0.00687
0.00418
0.00109
0.00208
0.00503
0.00747
0.00917
0.00995
0.00976
0.00862
0.00664
0.00402
0.00103
0.00204
0.0049
0.00726
0.0089
0.00965
0.00946
0.00834
0.00641
0.00387
9.66561E-4
0.00202
0.00478
0.00707
0.00865
0.00937
0.00918
0.00808
0.00621
0.00373
9.09945E-4
0.00199
0.00467
0.00688
0.00841
0.00911
0.00891
0.00784
0.00601
0.0036
8.57728E-4
0.00196
0.00456
0.00671
0.00819
0.00886
0.00865
0.00761
0.00582
0.00348
8.05057E-4
0.00193
0.00446
0.00655
0.00798
0.00862
0.00842
0.00739
0.00565
0.00336
7.57611E-4
0.00191
0.00437
0.00639
0.00778
0.0084
0.00819
0.00718
0.00548
0.00325
7.1212E-4
0.00188
0.00428
0.00624
0.00759
0.00818
0.00797
0.00699
0.00532
0.00314
6.68137E-4
0.00186
0.00419
0.0061
0.00741
0.00798
0.00777
0.0068
0.00517
0.00304
6.27322E-4
0.00184
0.00411
0.00597
0.00724
0.00779
0.00758
0.00662
0.00503
0.00295
5.87968E-4
0.00182
0.00403
0.00584
0.00707
0.0076
0.00739
0.00645
0.00489
0.00286
5.50432E-4
0.0018
0.00396
0.00572
0.00692
0.00743
0.00721
0.00629
0.00476
0.00277
5.14927E-4
0.00178
0.00389
0.00561
0.00677
0.00726
0.00704
0.00614
0.00463
0.00268
4.80696E-4
0.00176
0.00382
0.0055
0.00663
0.0071
0.00688
0.00599
0.00452
0.00261
4.48075E-4
0.00174
0.00376
0.00539
0.00649
0.00695
0.00673
0.00585
0.0044
0.00253
4.16981E-4
0.00173
0.00369
0.00529
0.00636
0.00681
0.00658
0.00572
0.00429
0.00246
3.87037E-4
0.00171
0.00363
0.00519
0.00624
0.00667
0.00644
0.00559
0.00419
0.00239
3.58362E-4
0.0017
0.00358
0.0051
0.00612
0.00653
0.0063
0.00546
0.00409
0.00232
3.30862E-4
0.00168
0.00352
0.00501
0.006
0.0064
0.00617